Size: 50,100,50 Eta:7 Time:3287.000000ms Grid Steps:1459
Size: 50,100,50 Eta:7 Time:948.000000ms Grid Steps:1534
Size: 50,100,50 Eta:7 Time:1015.000000ms Grid Steps:1644
